CFO=8047.710656277658,STO=0
SNRdB=27.49,TXPdB=0
CFO=-13033.35906213081,STO=1
SNRdB=27.45,TXPdB=0
CFO=7006.420220261531,STO=5
SNRdB=26.61,TXPdB=0
